Crank Angle	PCYL1	
deg	bar	
-360	0.9325	
-359	0.9145	
-358	0.8905	
-357	0.8485	
-356	0.8185	
-355	0.7705	
-354	0.7345	
-353	0.7345	
-352	0.6805	
-351	0.6025	
-350	0.5365	
-349	0.5185	
-348	0.5005	
-347	0.4465	
-346	0.3985	
-345	0.3865	
-344	0.3865	
-343	0.3385	
-342	0.2965	
-341	0.3385	
-340	0.3325	
-339	0.2905	
-338	0.2905	
-337	0.3265	
-336	0.2965	
-335	0.3025	
-334	0.3025	
-333	0.2665	
-332	0.2785	
-331	0.2905	
-330	0.2965	
-329	0.2725	
-328	0.2545	
-327	0.2665	
-326	0.2725	
-325	0.2605	
-324	0.2725	
-323	0.2785	
-322	0.2665	
-321	0.2605	
-320	0.2485	
-319	0.2665	
-318	0.2545	
-317	0.2605	
-316	0.2605	
-315	0.2485	
-314	0.2365	
-313	0.2365	
-312	0.2425	
-311	0.2485	
-310	0.2425	
-309	0.2365	
-308	0.2305	
-307	0.2185	
-306	0.2245	
-305	0.2245	
-304	0.2365	
-303	0.2245	
-302	0.2185	
-301	0.2245	
-300	0.2245	
-299	0.2425	
-298	0.2305	
-297	0.2365	
-296	0.2245	
-295	0.2425	
-294	0.2665	
-293	0.2605	
-292	0.2545	
-291	0.2725	
-290	0.2665	
-289	0.2725	
-288	0.2905	
-287	0.2905	
-286	0.2785	
-285	0.2845	
-284	0.2905	
-283	0.2965	
-282	0.3025	
-281	0.3085	
-280	0.2905	
-279	0.2965	
-278	0.2965	
-277	0.3025	
-276	0.3205	
-275	0.3145	
-274	0.3145	
-273	0.3145	
-272	0.3085	
-271	0.3145	
-270	0.3325	
-269	0.3205	
-268	0.3265	
-267	0.3265	
-266	0.3205	
-265	0.3145	
-264	0.3445	
-263	0.3445	
-262	0.3265	
-261	0.3265	
-260	0.3385	
-259	0.3325	
-258	0.3505	
-257	0.3445	
-256	0.3505	
-255	0.3505	
-254	0.3385	
-253	0.3565	
-252	0.3445	
-251	0.3625	
-250	0.3505	
-249	0.3565	
-248	0.3505	
-247	0.3625	
-246	0.3685	
-245	0.3625	
-244	0.3685	
-243	0.3625	
-242	0.3565	
-241	0.3565	
-240	0.3625	
-239	0.3625	
-238	0.3685	
-237	0.3565	
-236	0.3505	
-235	0.3625	
-234	0.3685	
-233	0.3685	
-232	0.3565	
-231	0.3625	
-230	0.3565	
-229	0.3565	
-228	0.3565	
-227	0.3625	
-226	0.3565	
-225	0.3625	
-224	0.3565	
-223	0.3505	
-222	0.3565	
-221	0.3625	
-220	0.3505	
-219	0.3565	
-218	0.3565	
-217	0.3505	
-216	0.3445	
-215	0.3565	
-214	0.3565	
-213	0.3385	
-212	0.3385	
-211	0.3445	
-210	0.3505	
-209	0.3565	
-208	0.3565	
-207	0.3445	
-206	0.3325	
-205	0.3385	
-204	0.3565	
-203	0.3565	
-202	0.3505	
-201	0.3445	
-200	0.3325	
-199	0.3445	
-198	0.3325	
-197	0.3445	
-196	0.3265	
-195	0.3385	
-194	0.3325	
-193	0.3325	
-192	0.3505	
-191	0.3505	
-190	0.3445	
-189	0.3385	
-188	0.3265	
-187	0.3505	
-186	0.3445	
-185	0.3445	
-184	0.3445	
-183	0.3265	
-182	0.3445	
-181	0.3505	
-180	0.3385	
-179	0.3445	
-178	0.3325	
-177	0.3325	
-176	0.3445	
-175	0.3445	
-174	0.3325	
-173	0.3565	
-172	0.3325	
-171	0.3325	
-170	0.3265	
-169	0.3325	
-168	0.3325	
-167	0.3265	
-166	0.3385	
-165	0.3325	
-164	0.3445	
-163	0.3265	
-162	0.3445	
-161	0.3505	
-160	0.3325	
-159	0.3265	
-158	0.3325	
-157	0.3265	
-156	0.3325	
-155	0.3325	
-154	0.3385	
-153	0.3265	
-152	0.3385	
-151	0.3385	
-150	0.3505	
-149	0.3565	
-148	0.3445	
-147	0.3505	
-146	0.3265	
-145	0.3445	
-144	0.3445	
-143	0.3445	
-142	0.3445	
-141	0.3325	
-140	0.3505	
-139	0.3445	
-138	0.3565	
-137	0.3565	
-136	0.3445	
-135	0.3445	
-134	0.3505	
-133	0.3565	
-132	0.3565	
-131	0.3625	
-130	0.3745	
-129	0.3685	
-128	0.3745	
-127	0.3805	
-126	0.3865	
-125	0.3865	
-124	0.3925	
-123	0.3745	
-122	0.3865	
-121	0.3865	
-120	0.3925	
-119	0.4105	
-118	0.4045	
-117	0.4045	
-116	0.4045	
-115	0.4165	
-114	0.4165	
-113	0.4045	
-112	0.4105	
-111	0.3565	
-110	0.3685	
-109	0.4165	
-108	0.4525	
-107	0.4585	
-106	0.4465	
-105	0.4525	
-104	0.4405	
-103	0.4645	
-102	0.4765	
-101	0.4765	
-100	0.4885	
-99	0.4885	
-98	0.4885	
-97	0.4765	
-96	0.4825	
-95	0.5005	
-94	0.5185	
-93	0.5185	
-92	0.5245	
-91	0.5305	
-90	0.5365	
-89	0.5545	
-88	0.5545	
-87	0.5545	
-86	0.5605	
-85	0.5725	
-84	0.5665	
-83	0.5905	
-82	0.6145	
-81	0.6205	
-80	0.6445	
-79	0.6685	
-78	0.6925	
-77	0.7045	
-76	0.7345	
-75	0.7465	
-74	0.7525	
-73	0.7705	
-72	0.8005	
-71	0.8185	
-70	0.8425	
-69	0.8485	
-68	0.8665	
-67	0.8905	
-66	0.9145	
-65	0.9385	
-64	0.9625	
-63	0.9925	
-62	1.0105	
-61	1.0285	
-60	1.0705	
-59	1.0945	
-58	1.1305	
-57	1.1605	
-56	1.1905	
-55	1.2265	
-54	1.2565	
-53	1.3105	
-52	1.3465	
-51	1.3885	
-50	1.4305	
-49	1.4725	
-48	1.5385	
-47	1.5805	
-46	1.6285	
-45	1.6885	
-44	1.7305	
-43	1.8025	
-42	1.8625	
-41	1.9405	
-40	1.9885	
-39	2.0725	
-38	2.1505	
-37	2.2285	
-36	2.2945	
-35	2.3785	
-34	2.4685	
-33	2.5645	
-32	2.6485	
-31	2.7445	
-30	2.8645	
-29	2.9545	
-28	3.0685	
-27	3.1765	
-26	3.2665	
-25	3.3985	
-24	3.5365	
-23	3.6565	
-22	3.7825	
-21	3.8965	
-20	4.0165	
-19	4.1485	
-18	4.2985	
-17	4.4245	
-16	4.5685	
-15	4.6945	
-14	4.8445	
-13	5.0005	
-12	5.1745	
-11	5.3545	
-10	5.5645	
-9	5.7565	
-8	5.9905	
-7	6.2545	
-6	6.5005	
-5	6.7705	
-4	7.0645	
-3	7.3525	
-2	7.6405	
-1	7.9165	
0	8.1925	
1	8.4325	
2	8.6785	
3	8.8705	
4	9.0565	
5	9.2125	
6	9.3205	
7	9.4345	
8	9.4765	
9	9.5125	
10	9.5065	
11	9.4885	
12	9.4405	
13	9.3745	
14	9.2785	
15	9.1645	
16	9.0325	
17	8.8945	
18	8.7505	
19	8.5765	
20	8.4085	
21	8.2405	
22	8.0365	
23	7.8505	
24	7.6525	
25	7.4605	
26	7.2505	
27	7.0405	
28	6.8425	
29	6.6385	
30	6.4465	
31	6.2605	
32	6.0625	
33	5.8825	
34	5.7025	
35	5.5345	
36	5.3845	
37	5.2345	
38	5.0665	
39	4.9105	
40	4.7665	
41	4.6225	
42	4.5025	
43	4.3765	
44	4.2445	
45	4.1185	
46	4.0045	
47	3.9145	
48	3.7945	
49	3.7045	
50	3.5845	
51	3.4885	
52	3.3745	
53	3.3085	
54	3.2305	
55	3.1525	
56	3.0685	
57	2.9785	
58	2.9065	
59	2.8345	
60	2.7745	
61	2.7085	
62	2.6425	
63	2.5825	
64	2.5225	
65	2.4565	
66	2.4205	
67	2.3665	
68	2.3125	
69	2.2465	
70	2.2105	
71	2.1625	
72	2.1205	
73	2.0905	
74	2.0365	
75	2.0005	
76	1.9465	
77	1.9105	
78	1.8985	
79	1.8685	
80	1.8265	
81	1.7905	
82	1.7545	
83	1.7425	
84	1.7125	
85	1.6885	
86	1.6405	
87	1.6165	
88	1.5865	
89	1.5685	
90	1.5565	
91	1.5445	
92	1.5145	
93	1.4845	
94	1.4545	
95	1.4365	
96	1.4305	
97	1.4005	
98	1.3945	
99	1.3705	
100	1.3465	
101	1.3285	
102	1.3285	
103	1.3165	
104	1.2925	
105	1.2745	
106	1.2685	
107	1.2505	
108	1.2325	
109	1.2385	
110	1.2265	
111	1.1905	
112	1.1725	
113	1.1905	
114	1.1785	
115	1.1725	
116	1.1665	
117	1.1425	
118	1.1245	
119	1.1245	
120	1.1185	
121	1.1125	
122	1.0945	
123	1.0885	
124	1.0885	
125	1.0765	
126	1.0645	
127	1.0585	
128	1.0525	
129	1.0345	
130	1.0285	
131	1.0345	
132	1.0345	
133	1.0225	
134	1.0165	
135	1.0165	
136	1.0105	
137	0.9985	
138	0.9985	
139	1.0105	
140	0.9985	
141	0.9925	
142	0.9805	
143	0.9865	
144	0.9865	
145	0.9805	
146	0.9745	
147	0.9685	
148	0.9685	
149	0.9685	
150	0.9685	
151	0.9805	
152	0.9685	
153	0.9565	
154	0.9565	
155	0.9625	
156	0.9805	
157	0.9745	
158	0.9745	
159	0.9625	
160	0.9805	
161	0.9925	
162	0.9985	
163	0.9925	
164	0.9985	
165	0.9985	
166	0.9925	
167	1.0105	
168	1.0045	
169	1.0225	
170	1.0225	
171	1.0225	
172	1.0225	
173	1.0345	
174	1.0345	
175	1.0345	
176	1.0465	
177	1.0225	
178	1.0285	
179	1.0525	
180	1.0525	
181	1.0585	
182	1.0525	
183	1.0645	
184	1.0645	
185	1.0645	
186	1.0765	
187	1.0765	
188	1.0765	
189	1.0765	
190	1.0765	
191	1.0765	
192	1.0825	
193	1.1005	
194	1.0885	
195	1.0825	
196	1.0945	
197	1.1065	
198	1.1005	
199	1.1005	
200	1.1065	
201	1.1065	
202	1.0945	
203	1.1065	
204	1.1125	
205	1.1065	
206	1.1005	
207	1.1065	
208	1.1005	
209	1.1065	
210	1.1065	
211	1.1125	
212	1.1245	
213	1.1065	
214	1.1005	
215	1.1065	
216	1.1125	
217	1.1125	
218	1.1125	
219	1.1245	
220	1.1185	
221	1.1125	
222	1.1185	
223	1.1305	
224	1.1305	
225	1.1485	
226	1.1365	
227	1.1245	
228	1.1665	
229	1.1485	
230	1.1545	
231	1.1305	
232	1.1425	
233	1.1545	
234	1.1485	
235	1.1545	
236	1.1605	
237	1.1665	
238	1.1485	
239	1.1665	
240	1.1545	
241	1.1545	
242	1.1545	
243	1.1665	
244	1.1605	
245	1.1725	
246	1.1605	
247	1.1545	
248	1.1665	
249	1.1545	
250	1.1485	
251	1.1545	
252	1.1545	
253	1.1665	
254	1.1545	
255	1.1545	
256	1.1485	
257	1.1365	
258	1.1545	
259	1.1545	
260	1.1425	
261	1.1485	
262	1.1305	
263	1.1305	
264	1.1245	
265	1.1185	
266	1.1305	
267	1.1365	
268	1.1305	
269	1.1365	
270	1.1365	
271	1.1245	
272	1.1305	
273	1.1365	
274	1.1245	
275	1.1185	
276	1.1125	
277	1.1125	
278	1.1125	
279	1.1125	
280	1.1065	
281	1.1005	
282	1.1125	
283	1.1185	
284	1.1185	
285	1.1125	
286	1.1065	
287	1.1245	
288	1.1245	
289	1.1365	
290	1.1245	
291	1.1245	
292	1.1365	
293	1.1365	
294	1.1485	
295	1.1425	
296	1.1425	
297	1.1365	
298	1.1305	
299	1.1425	
300	1.1425	
301	1.1485	
302	1.1425	
303	1.1245	
304	1.1365	
305	1.1305	
306	1.1365	
307	1.1305	
308	1.1245	
309	1.1305	
310	1.1065	
311	1.1185	
312	1.1245	
313	1.1125	
314	1.1125	
315	1.0945	
316	1.1065	
317	1.1005	
318	1.1005	
319	1.1005	
320	1.0945	
321	1.0825	
322	1.0885	
323	1.1065	
324	1.1065	
325	1.1005	
326	1.0945	
327	1.1065	
328	1.0945	
329	1.1065	
330	1.1065	
331	1.1065	
332	1.1065	
333	1.1005	
334	1.0885	
335	1.1065	
336	1.1065	
337	1.1005	
338	1.1005	
339	1.0885	
340	1.0765	
341	1.1005	
342	1.0765	
343	1.0825	
344	1.0765	
345	1.0645	
346	1.0585	
347	1.0645	
348	1.0585	
349	1.0585	
350	1.0465	
351	1.0345	
352	1.0165	
353	1.0045	
354	1.0165	
355	1.0045	
356	0.9865	
357	0.9625	
358	0.9565	
359	0.9445	

Volume	PCYL1	
cm3	bar	
51.98	0.9325	
52.03	0.9145	
52.18	0.8905	
52.43	0.8485	
52.77	0.8185	
53.22	0.7705	
53.76	0.7345	
54.41	0.7345	
55.15	0.6805	
55.98	0.6025	
56.92	0.5365	
57.95	0.5185	
59.08	0.5005	
60.30	0.4465	
61.62	0.3985	
63.04	0.3865	
64.54	0.3865	
66.14	0.3385	
67.84	0.2965	
69.62	0.3385	
71.49	0.3325	
73.46	0.2905	
75.51	0.2905	
77.65	0.3265	
79.87	0.2965	
82.19	0.3025	
84.58	0.3025	
87.06	0.2665	
89.62	0.2785	
92.26	0.2905	
94.98	0.2965	
97.77	0.2725	
100.65	0.2545	
103.59	0.2665	
106.62	0.2725	
109.71	0.2605	
112.87	0.2725	
116.11	0.2785	
119.41	0.2665	
122.78	0.2605	
126.21	0.2485	
129.70	0.2665	
133.25	0.2545	
136.87	0.2605	
140.54	0.2605	
144.26	0.2485	
148.04	0.2365	
151.87	0.2365	
155.76	0.2425	
159.69	0.2485	
163.66	0.2425	
167.69	0.2365	
171.75	0.2305	
175.86	0.2185	
180.00	0.2245	
184.18	0.2245	
188.40	0.2365	
192.65	0.2245	
196.93	0.2185	
201.24	0.2245	
205.58	0.2245	
209.95	0.2425	
214.34	0.2305	
218.75	0.2365	
223.18	0.2245	
227.62	0.2425	
232.09	0.2665	
236.56	0.2605	
241.06	0.2545	
245.56	0.2725	
250.07	0.2665	
254.58	0.2725	
259.10	0.2905	
263.63	0.2905	
268.15	0.2785	
272.68	0.2845	
277.20	0.2905	
281.72	0.2965	
286.23	0.3025	
290.74	0.3085	
295.23	0.2905	
299.72	0.2965	
304.19	0.2965	
308.65	0.3025	
313.10	0.3205	
317.53	0.3145	
321.94	0.3145	
326.32	0.3145	
330.69	0.3085	
335.04	0.3145	
339.36	0.3325	
343.66	0.3205	
347.93	0.3265	
352.17	0.3265	
356.38	0.3205	
360.56	0.3145	
364.71	0.3445	
368.83	0.3445	
372.92	0.3265	
376.97	0.3265	
380.98	0.3385	
384.96	0.3325	
388.90	0.3505	
392.80	0.3445	
396.66	0.3505	
400.48	0.3505	
404.26	0.3385	
408.00	0.3565	
411.70	0.3445	
415.35	0.3625	
418.96	0.3505	
422.52	0.3565	
426.04	0.3505	
429.51	0.3625	
432.94	0.3685	
436.31	0.3625	
439.64	0.3685	
442.93	0.3625	
446.16	0.3565	
449.35	0.3565	
452.49	0.3625	
455.57	0.3625	
458.61	0.3685	
461.60	0.3565	
464.53	0.3505	
467.42	0.3625	
470.25	0.3685	
473.04	0.3685	
475.77	0.3565	
478.45	0.3625	
481.08	0.3565	
483.65	0.3565	
486.18	0.3565	
488.65	0.3625	
491.07	0.3565	
493.44	0.3625	
495.75	0.3565	
498.01	0.3505	
500.22	0.3565	
502.38	0.3625	
504.48	0.3505	
506.53	0.3565	
508.53	0.3565	
510.48	0.3505	
512.37	0.3445	
514.21	0.3565	
516.00	0.3565	
517.73	0.3385	
519.42	0.3385	
521.05	0.3445	
522.62	0.3505	
524.15	0.3565	
525.62	0.3565	
527.04	0.3445	
528.41	0.3325	
529.72	0.3385	
530.99	0.3565	
532.20	0.3565	
533.36	0.3505	
534.46	0.3445	
535.52	0.3325	
536.52	0.3445	
537.47	0.3325	
538.37	0.3445	
539.22	0.3265	
540.02	0.3385	
540.76	0.3325	
541.45	0.3325	
542.09	0.3505	
542.68	0.3505	
543.22	0.3445	
543.71	0.3385	
544.15	0.3265	
544.53	0.3505	
544.86	0.3445	
545.14	0.3445	
545.37	0.3445	
545.55	0.3265	
545.68	0.3445	
545.76	0.3505	
545.78	0.3385	
545.76	0.3445	
545.68	0.3325	
545.55	0.3325	
545.37	0.3445	
545.14	0.3445	
544.86	0.3325	
544.53	0.3565	
544.15	0.3325	
543.71	0.3325	
543.22	0.3265	
542.68	0.3325	
542.09	0.3325	
541.45	0.3265	
540.76	0.3385	
540.02	0.3325	
539.22	0.3445	
538.37	0.3265	
537.47	0.3445	
536.52	0.3505	
535.52	0.3325	
534.46	0.3265	
533.36	0.3325	
532.20	0.3265	
530.99	0.3325	
529.72	0.3325	
528.41	0.3385	
527.04	0.3265	
525.62	0.3385	
524.15	0.3385	
522.62	0.3505	
521.05	0.3565	
519.42	0.3445	
517.73	0.3505	
516.00	0.3265	
514.21	0.3445	
512.37	0.3445	
510.48	0.3445	
508.53	0.3445	
506.53	0.3325	
504.48	0.3505	
502.38	0.3445	
500.22	0.3565	
498.01	0.3565	
495.75	0.3445	
493.44	0.3445	
491.07	0.3505	
488.65	0.3565	
486.18	0.3565	
483.65	0.3625	
481.08	0.3745	
478.45	0.3685	
475.77	0.3745	
473.04	0.3805	
470.25	0.3865	
467.42	0.3865	
464.53	0.3925	
461.60	0.3745	
458.61	0.3865	
455.57	0.3865	
452.49	0.3925	
449.35	0.4105	
446.16	0.4045	
442.93	0.4045	
439.64	0.4045	
436.31	0.4165	
432.94	0.4165	
429.51	0.4045	
426.04	0.4105	
422.52	0.3565	
418.96	0.3685	
415.35	0.4165	
411.70	0.4525	
408.00	0.4585	
404.26	0.4465	
400.48	0.4525	
396.66	0.4405	
392.80	0.4645	
388.90	0.4765	
384.96	0.4765	
380.98	0.4885	
376.97	0.4885	
372.92	0.4885	
368.83	0.4765	
364.71	0.4825	
360.56	0.5005	
356.38	0.5185	
352.17	0.5185	
347.93	0.5245	
343.66	0.5305	
339.36	0.5365	
335.04	0.5545	
330.69	0.5545	
326.32	0.5545	
321.94	0.5605	
317.53	0.5725	
313.10	0.5665	
308.65	0.5905	
304.19	0.6145	
299.72	0.6205	
295.23	0.6445	
290.74	0.6685	
286.23	0.6925	
281.72	0.7045	
277.20	0.7345	
272.68	0.7465	
268.15	0.7525	
263.63	0.7705	
259.10	0.8005	
254.58	0.8185	
250.07	0.8425	
245.56	0.8485	
241.06	0.8665	
236.56	0.8905	
232.09	0.9145	
227.62	0.9385	
223.18	0.9625	
218.75	0.9925	
214.34	1.0105	
209.95	1.0285	
205.58	1.0705	
201.24	1.0945	
196.93	1.1305	
192.65	1.1605	
188.40	1.1905	
184.18	1.2265	
180.00	1.2565	
175.86	1.3105	
171.75	1.3465	
167.69	1.3885	
163.66	1.4305	
159.69	1.4725	
155.76	1.5385	
151.87	1.5805	
148.04	1.6285	
144.26	1.6885	
140.54	1.7305	
136.87	1.8025	
133.25	1.8625	
129.70	1.9405	
126.21	1.9885	
122.78	2.0725	
119.41	2.1505	
116.11	2.2285	
112.87	2.2945	
109.71	2.3785	
106.62	2.4685	
103.59	2.5645	
100.65	2.6485	
97.77	2.7445	
94.98	2.8645	
92.26	2.9545	
89.62	3.0685	
87.06	3.1765	
84.58	3.2665	
82.19	3.3985	
79.87	3.5365	
77.65	3.6565	
75.51	3.7825	
73.46	3.8965	
71.49	4.0165	
69.62	4.1485	
67.84	4.2985	
66.14	4.4245	
64.54	4.5685	
63.04	4.6945	
61.62	4.8445	
60.30	5.0005	
59.08	5.1745	
57.95	5.3545	
56.92	5.5645	
55.98	5.7565	
55.15	5.9905	
54.41	6.2545	
53.76	6.5005	
53.22	6.7705	
52.77	7.0645	
52.43	7.3525	
52.18	7.6405	
52.03	7.9165	
51.98	8.1925	
52.03	8.4325	
52.18	8.6785	
52.43	8.8705	
52.77	9.0565	
53.22	9.2125	
53.76	9.3205	
54.41	9.4345	
55.15	9.4765	
55.98	9.5125	
56.92	9.5065	
57.95	9.4885	
59.08	9.4405	
60.30	9.3745	
61.62	9.2785	
63.04	9.1645	
64.54	9.0325	
66.14	8.8945	
67.84	8.7505	
69.62	8.5765	
71.49	8.4085	
73.46	8.2405	
75.51	8.0365	
77.65	7.8505	
79.87	7.6525	
82.19	7.4605	
84.58	7.2505	
87.06	7.0405	
89.62	6.8425	
92.26	6.6385	
94.98	6.4465	
97.77	6.2605	
100.65	6.0625	
103.59	5.8825	
106.62	5.7025	
109.71	5.5345	
112.87	5.3845	
116.11	5.2345	
119.41	5.0665	
122.78	4.9105	
126.21	4.7665	
129.70	4.6225	
133.25	4.5025	
136.87	4.3765	
140.54	4.2445	
144.26	4.1185	
148.04	4.0045	
151.87	3.9145	
155.76	3.7945	
159.69	3.7045	
163.66	3.5845	
167.69	3.4885	
171.75	3.3745	
175.86	3.3085	
180.00	3.2305	
184.18	3.1525	
188.40	3.0685	
192.65	2.9785	
196.93	2.9065	
201.24	2.8345	
205.58	2.7745	
209.95	2.7085	
214.34	2.6425	
218.75	2.5825	
223.18	2.5225	
227.62	2.4565	
232.09	2.4205	
236.56	2.3665	
241.06	2.3125	
245.56	2.2465	
250.07	2.2105	
254.58	2.1625	
259.10	2.1205	
263.63	2.0905	
268.15	2.0365	
272.68	2.0005	
277.20	1.9465	
281.72	1.9105	
286.23	1.8985	
290.74	1.8685	
295.23	1.8265	
299.72	1.7905	
304.19	1.7545	
308.65	1.7425	
313.10	1.7125	
317.53	1.6885	
321.94	1.6405	
326.32	1.6165	
330.69	1.5865	
335.04	1.5685	
339.36	1.5565	
343.66	1.5445	
347.93	1.5145	
352.17	1.4845	
356.38	1.4545	
360.56	1.4365	
364.71	1.4305	
368.83	1.4005	
372.92	1.3945	
376.97	1.3705	
380.98	1.3465	
384.96	1.3285	
388.90	1.3285	
392.80	1.3165	
396.66	1.2925	
400.48	1.2745	
404.26	1.2685	
408.00	1.2505	
411.70	1.2325	
415.35	1.2385	
418.96	1.2265	
422.52	1.1905	
426.04	1.1725	
429.51	1.1905	
432.94	1.1785	
436.31	1.1725	
439.64	1.1665	
442.93	1.1425	
446.16	1.1245	
449.35	1.1245	
452.49	1.1185	
455.57	1.1125	
458.61	1.0945	
461.60	1.0885	
464.53	1.0885	
467.42	1.0765	
470.25	1.0645	
473.04	1.0585	
475.77	1.0525	
478.45	1.0345	
481.08	1.0285	
483.65	1.0345	
486.18	1.0345	
488.65	1.0225	
491.07	1.0165	
493.44	1.0165	
495.75	1.0105	
498.01	0.9985	
500.22	0.9985	
502.38	1.0105	
504.48	0.9985	
506.53	0.9925	
508.53	0.9805	
510.48	0.9865	
512.37	0.9865	
514.21	0.9805	
516.00	0.9745	
517.73	0.9685	
519.42	0.9685	
521.05	0.9685	
522.62	0.9685	
524.15	0.9805	
525.62	0.9685	
527.04	0.9565	
528.41	0.9565	
529.72	0.9625	
530.99	0.9805	
532.20	0.9745	
533.36	0.9745	
534.46	0.9625	
535.52	0.9805	
536.52	0.9925	
537.47	0.9985	
538.37	0.9925	
539.22	0.9985	
540.02	0.9985	
540.76	0.9925	
541.45	1.0105	
542.09	1.0045	
542.68	1.0225	
543.22	1.0225	
543.71	1.0225	
544.15	1.0225	
544.53	1.0345	
544.86	1.0345	
545.14	1.0345	
545.37	1.0465	
545.55	1.0225	
545.68	1.0285	
545.76	1.0525	
545.78	1.0525	
545.76	1.0585	
545.68	1.0525	
545.55	1.0645	
545.37	1.0645	
545.14	1.0645	
544.86	1.0765	
544.53	1.0765	
544.15	1.0765	
543.71	1.0765	
543.22	1.0765	
542.68	1.0765	
542.09	1.0825	
541.45	1.1005	
540.76	1.0885	
540.02	1.0825	
539.22	1.0945	
538.37	1.1065	
537.47	1.1005	
536.52	1.1005	
535.52	1.1065	
534.46	1.1065	
533.36	1.0945	
532.20	1.1065	
530.99	1.1125	
529.72	1.1065	
528.41	1.1005	
527.04	1.1065	
525.62	1.1005	
524.15	1.1065	
522.62	1.1065	
521.05	1.1125	
519.42	1.1245	
517.73	1.1065	
516.00	1.1005	
514.21	1.1065	
512.37	1.1125	
510.48	1.1125	
508.53	1.1125	
506.53	1.1245	
504.48	1.1185	
502.38	1.1125	
500.22	1.1185	
498.01	1.1305	
495.75	1.1305	
493.44	1.1485	
491.07	1.1365	
488.65	1.1245	
486.18	1.1665	
483.65	1.1485	
481.08	1.1545	
478.45	1.1305	
475.77	1.1425	
473.04	1.1545	
470.25	1.1485	
467.42	1.1545	
464.53	1.1605	
461.60	1.1665	
458.61	1.1485	
455.57	1.1665	
452.49	1.1545	
449.35	1.1545	
446.16	1.1545	
442.93	1.1665	
439.64	1.1605	
436.31	1.1725	
432.94	1.1605	
429.51	1.1545	
426.04	1.1665	
422.52	1.1545	
418.96	1.1485	
415.35	1.1545	
411.70	1.1545	
408.00	1.1665	
404.26	1.1545	
400.48	1.1545	
396.66	1.1485	
392.80	1.1365	
388.90	1.1545	
384.96	1.1545	
380.98	1.1425	
376.97	1.1485	
372.92	1.1305	
368.83	1.1305	
364.71	1.1245	
360.56	1.1185	
356.38	1.1305	
352.17	1.1365	
347.93	1.1305	
343.66	1.1365	
339.36	1.1365	
335.04	1.1245	
330.69	1.1305	
326.32	1.1365	
321.94	1.1245	
317.53	1.1185	
313.10	1.1125	
308.65	1.1125	
304.19	1.1125	
299.72	1.1125	
295.23	1.1065	
290.74	1.1005	
286.23	1.1125	
281.72	1.1185	
277.20	1.1185	
272.68	1.1125	
268.15	1.1065	
263.63	1.1245	
259.10	1.1245	
254.58	1.1365	
250.07	1.1245	
245.56	1.1245	
241.06	1.1365	
236.56	1.1365	
232.09	1.1485	
227.62	1.1425	
223.18	1.1425	
218.75	1.1365	
214.34	1.1305	
209.95	1.1425	
205.58	1.1425	
201.24	1.1485	
196.93	1.1425	
192.65	1.1245	
188.40	1.1365	
184.18	1.1305	
180.00	1.1365	
175.86	1.1305	
171.75	1.1245	
167.69	1.1305	
163.66	1.1065	
159.69	1.1185	
155.76	1.1245	
151.87	1.1125	
148.04	1.1125	
144.26	1.0945	
140.54	1.1065	
136.87	1.1005	
133.25	1.1005	
129.70	1.1005	
126.21	1.0945	
122.78	1.0825	
119.41	1.0885	
116.11	1.1065	
112.87	1.1065	
109.71	1.1005	
106.62	1.0945	
103.59	1.1065	
100.65	1.0945	
97.77	1.1065	
94.98	1.1065	
92.26	1.1065	
89.62	1.1065	
87.06	1.1005	
84.58	1.0885	
82.19	1.1065	
79.87	1.1065	
77.65	1.1005	
75.51	1.1005	
73.46	1.0885	
71.49	1.0765	
69.62	1.1005	
67.84	1.0765	
66.14	1.0825	
64.54	1.0765	
63.04	1.0645	
61.62	1.0585	
60.30	1.0645	
59.08	1.0585	
57.95	1.0585	
56.92	1.0465	
55.98	1.0345	
55.15	1.0165	
54.41	1.0045	
53.76	1.0165	
53.22	1.0045	
52.77	0.9865	
52.43	0.9625	
52.18	0.9565	
52.03	0.9445	
