Crank Angle	PCYL1	
deg	bar	
-360	0.8978	
-359	0.8618	
-358	0.8018	
-357	0.7478	
-356	0.6938	
-355	0.6278	
-354	0.5738	
-353	0.5198	
-352	0.4658	
-351	0.4298	
-350	0.3818	
-349	0.3638	
-348	0.3338	
-347	0.3278	
-346	0.3098	
-345	0.3038	
-344	0.2918	
-343	0.2918	
-342	0.3098	
-341	0.3158	
-340	0.3038	
-339	0.3098	
-338	0.3218	
-337	0.3158	
-336	0.3458	
-335	0.3518	
-334	0.3518	
-333	0.3638	
-332	0.3758	
-331	0.3818	
-330	0.3878	
-329	0.3938	
-328	0.3938	
-327	0.3878	
-326	0.3878	
-325	0.3998	
-324	0.4058	
-323	0.3938	
-322	0.3938	
-321	0.3878	
-320	0.3878	
-319	0.3878	
-318	0.3758	
-317	0.3818	
-316	0.3638	
-315	0.3638	
-314	0.3338	
-313	0.3398	
-312	0.3398	
-311	0.3338	
-310	0.3338	
-309	0.3098	
-308	0.3218	
-307	0.3278	
-306	0.3338	
-305	0.3338	
-304	0.3278	
-303	0.3278	
-302	0.3338	
-301	0.3338	
-300	0.3458	
-299	0.3518	
-298	0.3578	
-297	0.3578	
-296	0.3638	
-295	0.3698	
-294	0.3698	
-293	0.3878	
-292	0.3698	
-291	0.3698	
-290	0.3878	
-289	0.3938	
-288	0.3938	
-287	0.3938	
-286	0.3818	
-285	0.3758	
-284	0.3758	
-283	0.3758	
-282	0.3698	
-281	0.3698	
-280	0.3638	
-279	0.3638	
-278	0.3458	
-277	0.3518	
-276	0.3458	
-275	0.3458	
-274	0.3518	
-273	0.3338	
-272	0.3458	
-271	0.3458	
-270	0.3398	
-269	0.3398	
-268	0.3338	
-267	0.3398	
-266	0.3338	
-265	0.3338	
-264	0.3398	
-263	0.3398	
-262	0.3398	
-261	0.3338	
-260	0.3458	
-259	0.3458	
-258	0.3638	
-257	0.3578	
-256	0.3458	
-255	0.3458	
-254	0.3518	
-253	0.3578	
-252	0.3758	
-251	0.3698	
-250	0.3638	
-249	0.3578	
-248	0.3698	
-247	0.3638	
-246	0.3698	
-245	0.3698	
-244	0.3638	
-243	0.3638	
-242	0.3638	
-241	0.3638	
-240	0.3758	
-239	0.3698	
-238	0.3578	
-237	0.3518	
-236	0.3518	
-235	0.3638	
-234	0.3638	
-233	0.3578	
-232	0.3518	
-231	0.3518	
-230	0.3458	
-229	0.3458	
-228	0.3458	
-227	0.3578	
-226	0.3458	
-225	0.3398	
-224	0.3338	
-223	0.3458	
-222	0.3398	
-221	0.3398	
-220	0.3398	
-219	0.3338	
-218	0.3518	
-217	0.3458	
-216	0.3578	
-215	0.3398	
-214	0.3458	
-213	0.3338	
-212	0.3458	
-211	0.3578	
-210	0.3518	
-209	0.3518	
-208	0.3398	
-207	0.3578	
-206	0.3518	
-205	0.3398	
-204	0.3578	
-203	0.3578	
-202	0.3458	
-201	0.3578	
-200	0.3518	
-199	0.3638	
-198	0.3638	
-197	0.3698	
-196	0.3638	
-195	0.3638	
-194	0.3638	
-193	0.3638	
-192	0.3698	
-191	0.3638	
-190	0.3638	
-189	0.3518	
-188	0.3638	
-187	0.3578	
-186	0.3578	
-185	0.3638	
-184	0.3578	
-183	0.3638	
-182	0.3578	
-181	0.3398	
-180	0.3638	
-179	0.3578	
-178	0.3518	
-177	0.3398	
-176	0.3398	
-175	0.3458	
-174	0.3518	
-173	0.3518	
-172	0.3518	
-171	0.3518	
-170	0.3518	
-169	0.3578	
-168	0.3638	
-167	0.3638	
-166	0.3578	
-165	0.3638	
-164	0.3638	
-163	0.3758	
-162	0.3818	
-161	0.3758	
-160	0.3878	
-159	0.3818	
-158	0.3818	
-157	0.3878	
-156	0.3938	
-155	0.3878	
-154	0.3938	
-153	0.3938	
-152	0.3938	
-151	0.3998	
-150	0.4058	
-149	0.3998	
-148	0.3938	
-147	0.3878	
-146	0.3938	
-145	0.3938	
-144	0.3938	
-143	0.4118	
-142	0.3938	
-141	0.3938	
-140	0.3938	
-139	0.3938	
-138	0.3938	
-137	0.3998	
-136	0.4058	
-135	0.3938	
-134	0.3998	
-133	0.3998	
-132	0.4178	
-131	0.3998	
-130	0.4058	
-129	0.4118	
-128	0.4178	
-127	0.4238	
-126	0.4238	
-125	0.4238	
-124	0.4358	
-123	0.4418	
-122	0.4238	
-121	0.4478	
-120	0.4478	
-119	0.4538	
-118	0.4658	
-117	0.4538	
-116	0.4478	
-115	0.4598	
-114	0.4718	
-113	0.4718	
-112	0.4778	
-111	0.4718	
-110	0.4898	
-109	0.4958	
-108	0.5078	
-107	0.4958	
-106	0.5198	
-105	0.5078	
-104	0.5318	
-103	0.5318	
-102	0.5378	
-101	0.5438	
-100	0.5558	
-99	0.5558	
-98	0.5558	
-97	0.5558	
-96	0.5558	
-95	0.5738	
-94	0.5798	
-93	0.5858	
-92	0.5858	
-91	0.5918	
-90	0.6038	
-89	0.5918	
-88	0.6158	
-87	0.6218	
-86	0.6218	
-85	0.6398	
-84	0.6518	
-83	0.6578	
-82	0.6818	
-81	0.6998	
-80	0.7178	
-79	0.7478	
-78	0.7958	
-77	0.8138	
-76	0.8198	
-75	0.8438	
-74	0.8618	
-73	0.8858	
-72	0.9218	
-71	0.9398	
-70	0.9398	
-69	0.9758	
-68	0.9878	
-67	1.0358	
-66	1.0538	
-65	1.0778	
-64	1.1018	
-63	1.1318	
-62	1.1618	
-61	1.1918	
-60	1.2218	
-59	1.2578	
-58	1.2938	
-57	1.3298	
-56	1.3598	
-55	1.4078	
-54	1.4678	
-53	1.5038	
-52	1.5458	
-51	1.5878	
-50	1.6538	
-49	1.6898	
-48	1.7498	
-47	1.8038	
-46	1.8638	
-45	1.9178	
-44	1.9838	
-43	2.0558	
-42	2.1338	
-41	2.2058	
-40	2.2718	
-39	2.3498	
-38	2.4338	
-37	2.5238	
-36	2.6138	
-35	2.7098	
-34	2.7998	
-33	2.9078	
-32	3.0158	
-31	3.1238	
-30	3.2378	
-29	3.3518	
-28	3.4658	
-27	3.5978	
-26	3.7178	
-25	3.8618	
-24	3.9878	
-23	4.1198	
-22	4.2578	
-21	4.3958	
-20	4.5338	
-19	4.6778	
-18	4.8158	
-17	4.9478	
-16	5.0678	
-15	5.2058	
-14	5.3198	
-13	5.4578	
-12	5.5778	
-11	5.6858	
-10	5.8058	
-9	5.9018	
-8	6.0098	
-7	6.1058	
-6	6.2138	
-5	6.2918	
-4	6.3818	
-3	6.4658	
-2	6.5618	
-1	6.6518	
0	6.7538	
1	6.8618	
2	6.9518	
3	7.0658	
4	7.1918	
5	7.3298	
6	7.4738	
7	7.6478	
8	7.8038	
9	7.9658	
10	8.1338	
11	8.3138	
12	8.4638	
13	8.6198	
14	8.7578	
15	8.8838	
16	9.0038	
17	9.1058	
18	9.2198	
19	9.2858	
20	9.3338	
21	9.3398	
22	9.3158	
23	9.2738	
24	9.1958	
25	9.0938	
26	8.9978	
27	8.8658	
28	8.7218	
29	8.5658	
30	8.4158	
31	8.2418	
32	8.0558	
33	7.8578	
34	7.6778	
35	7.4858	
36	7.2758	
37	7.0838	
38	6.8918	
39	6.6818	
40	6.4898	
41	6.2978	
42	6.1058	
43	5.9438	
44	5.7518	
45	5.5838	
46	5.4098	
47	5.2538	
48	5.1158	
49	4.9538	
50	4.8158	
51	4.6718	
52	4.5278	
53	4.4078	
54	4.3058	
55	4.1738	
56	4.0538	
57	3.9338	
58	3.8318	
59	3.7238	
60	3.6338	
61	3.5438	
62	3.4598	
63	3.3758	
64	3.2798	
65	3.2138	
66	3.1418	
67	3.0578	
68	2.9858	
69	2.9198	
70	2.8478	
71	2.7878	
72	2.7338	
73	2.6798	
74	2.6198	
75	2.5598	
76	2.5118	
77	2.4638	
78	2.4218	
79	2.3678	
80	2.3138	
81	2.2778	
82	2.2298	
83	2.1938	
84	2.1578	
85	2.1278	
86	2.0978	
87	2.0498	
88	2.0198	
89	1.9778	
90	1.9538	
91	1.9238	
92	1.8938	
93	1.8578	
94	1.8278	
95	1.8098	
96	1.7858	
97	1.7618	
98	1.7258	
99	1.7138	
100	1.6778	
101	1.6658	
102	1.6598	
103	1.6298	
104	1.5998	
105	1.5758	
106	1.5578	
107	1.5518	
108	1.5338	
109	1.5158	
110	1.4918	
111	1.4798	
112	1.4558	
113	1.4498	
114	1.4378	
115	1.4198	
116	1.4018	
117	1.3838	
118	1.3658	
119	1.3598	
120	1.3478	
121	1.3298	
122	1.3418	
123	1.3118	
124	1.2998	
125	1.2998	
126	1.2878	
127	1.2818	
128	1.2638	
129	1.2398	
130	1.2338	
131	1.2398	
132	1.2278	
133	1.2278	
134	1.2098	
135	1.1858	
136	1.1798	
137	1.1678	
138	1.1618	
139	1.1438	
140	1.1378	
141	1.1138	
142	1.1138	
143	1.1018	
144	1.0898	
145	1.0838	
146	1.0658	
147	1.0478	
148	1.0418	
149	1.0358	
150	1.0298	
151	1.0298	
152	1.0118	
153	1.0058	
154	1.0058	
155	1.0058	
156	1.0118	
157	1.0118	
158	1.0238	
159	1.0118	
160	1.0178	
161	1.0118	
162	1.0118	
163	1.0298	
164	1.0238	
165	1.0238	
166	1.0118	
167	1.0178	
168	1.0178	
169	1.0298	
170	1.0118	
171	1.0238	
172	1.0178	
173	1.0238	
174	1.0238	
175	1.0298	
176	1.0178	
177	1.0118	
178	1.0178	
179	1.0178	
180	1.0298	
181	1.0298	
182	1.0298	
183	1.0358	
184	1.0298	
185	1.0358	
186	1.0418	
187	1.0358	
188	1.0298	
189	1.0358	
190	1.0358	
191	1.0298	
192	1.0358	
193	1.0418	
194	1.0358	
195	1.0358	
196	1.0358	
197	1.0298	
198	1.0358	
199	1.0358	
200	1.0298	
201	1.0298	
202	1.0358	
203	1.0358	
204	1.0298	
205	1.0418	
206	1.0418	
207	1.0418	
208	1.0358	
209	1.0358	
210	1.0478	
211	1.0418	
212	1.0418	
213	1.0298	
214	1.0418	
215	1.0298	
216	1.0418	
217	1.0538	
218	1.0418	
219	1.0358	
220	1.0418	
221	1.0358	
222	1.0358	
223	1.0418	
224	1.0358	
225	1.0298	
226	1.0358	
227	1.0418	
228	1.0538	
229	1.0598	
230	1.0418	
231	1.0538	
232	1.0538	
233	1.0478	
234	1.0538	
235	1.0538	
236	1.0598	
237	1.0658	
238	1.0598	
239	1.0538	
240	1.0718	
241	1.0658	
242	1.0598	
243	1.0718	
244	1.0598	
245	1.0598	
246	1.0598	
247	1.0718	
248	1.0718	
249	1.0718	
250	1.0658	
251	1.0658	
252	1.0778	
253	1.0718	
254	1.0778	
255	1.0718	
256	1.0718	
257	1.0658	
258	1.0778	
259	1.0838	
260	1.0778	
261	1.0838	
262	1.0718	
263	1.0778	
264	1.0598	
265	1.0778	
266	1.0658	
267	1.0598	
268	1.0778	
269	1.0778	
270	1.0718	
271	1.0718	
272	1.0778	
273	1.0778	
274	1.0778	
275	1.0658	
276	1.0658	
277	1.0658	
278	1.0658	
279	1.0778	
280	1.0718	
281	1.0538	
282	1.0538	
283	1.0538	
284	1.0598	
285	1.0598	
286	1.0538	
287	1.0538	
288	1.0598	
289	1.0598	
290	1.0538	
291	1.0538	
292	1.0538	
293	1.0598	
294	1.0538	
295	1.0718	
296	1.0418	
297	1.0538	
298	1.0538	
299	1.0538	
300	1.0598	
301	1.0658	
302	1.0478	
303	1.0478	
304	1.0478	
305	1.0538	
306	1.0658	
307	1.0418	
308	1.0418	
309	1.0538	
310	1.0538	
311	1.0538	
312	1.0538	
313	1.0598	
314	1.0418	
315	1.0358	
316	1.0538	
317	1.0358	
318	1.0418	
319	1.0478	
320	1.0358	
321	1.0478	
322	1.0358	
323	1.0538	
324	1.0478	
325	1.0538	
326	1.0478	
327	1.0478	
328	1.0418	
329	1.0478	
330	1.0418	
331	1.0358	
332	1.0358	
333	1.0298	
334	1.0298	
335	1.0238	
336	1.0238	
337	1.0178	
338	0.9998	
339	1.0118	
340	0.9998	
341	0.9998	
342	1.0178	
343	1.0058	
344	1.0178	
345	1.0118	
346	1.0058	
347	1.0118	
348	1.0178	
349	1.0298	
350	1.0118	
351	1.0118	
352	0.9998	
353	1.0118	
354	1.0058	
355	1.0058	
356	0.9818	
357	0.9698	
358	0.9518	
359	0.9158	

Volume	PCYL1	
cm3	bar	
51.98	0.8978	
52.03	0.8618	
52.18	0.8018	
52.43	0.7478	
52.77	0.6938	
53.22	0.6278	
53.76	0.5738	
54.41	0.5198	
55.15	0.4658	
55.98	0.4298	
56.92	0.3818	
57.95	0.3638	
59.08	0.3338	
60.30	0.3278	
61.62	0.3098	
63.04	0.3038	
64.54	0.2918	
66.14	0.2918	
67.84	0.3098	
69.62	0.3158	
71.49	0.3038	
73.46	0.3098	
75.51	0.3218	
77.65	0.3158	
79.87	0.3458	
82.19	0.3518	
84.58	0.3518	
87.06	0.3638	
89.62	0.3758	
92.26	0.3818	
94.98	0.3878	
97.77	0.3938	
100.65	0.3938	
103.59	0.3878	
106.62	0.3878	
109.71	0.3998	
112.87	0.4058	
116.11	0.3938	
119.41	0.3938	
122.78	0.3878	
126.21	0.3878	
129.70	0.3878	
133.25	0.3758	
136.87	0.3818	
140.54	0.3638	
144.26	0.3638	
148.04	0.3338	
151.87	0.3398	
155.76	0.3398	
159.69	0.3338	
163.66	0.3338	
167.69	0.3098	
171.75	0.3218	
175.86	0.3278	
180.00	0.3338	
184.18	0.3338	
188.40	0.3278	
192.65	0.3278	
196.93	0.3338	
201.24	0.3338	
205.58	0.3458	
209.95	0.3518	
214.34	0.3578	
218.75	0.3578	
223.18	0.3638	
227.62	0.3698	
232.09	0.3698	
236.56	0.3878	
241.06	0.3698	
245.56	0.3698	
250.07	0.3878	
254.58	0.3938	
259.10	0.3938	
263.63	0.3938	
268.15	0.3818	
272.68	0.3758	
277.20	0.3758	
281.72	0.3758	
286.23	0.3698	
290.74	0.3698	
295.23	0.3638	
299.72	0.3638	
304.19	0.3458	
308.65	0.3518	
313.10	0.3458	
317.53	0.3458	
321.94	0.3518	
326.32	0.3338	
330.69	0.3458	
335.04	0.3458	
339.36	0.3398	
343.66	0.3398	
347.93	0.3338	
352.17	0.3398	
356.38	0.3338	
360.56	0.3338	
364.71	0.3398	
368.83	0.3398	
372.92	0.3398	
376.97	0.3338	
380.98	0.3458	
384.96	0.3458	
388.90	0.3638	
392.80	0.3578	
396.66	0.3458	
400.48	0.3458	
404.26	0.3518	
408.00	0.3578	
411.70	0.3758	
415.35	0.3698	
418.96	0.3638	
422.52	0.3578	
426.04	0.3698	
429.51	0.3638	
432.94	0.3698	
436.31	0.3698	
439.64	0.3638	
442.93	0.3638	
446.16	0.3638	
449.35	0.3638	
452.49	0.3758	
455.57	0.3698	
458.61	0.3578	
461.60	0.3518	
464.53	0.3518	
467.42	0.3638	
470.25	0.3638	
473.04	0.3578	
475.77	0.3518	
478.45	0.3518	
481.08	0.3458	
483.65	0.3458	
486.18	0.3458	
488.65	0.3578	
491.07	0.3458	
493.44	0.3398	
495.75	0.3338	
498.01	0.3458	
500.22	0.3398	
502.38	0.3398	
504.48	0.3398	
506.53	0.3338	
508.53	0.3518	
510.48	0.3458	
512.37	0.3578	
514.21	0.3398	
516.00	0.3458	
517.73	0.3338	
519.42	0.3458	
521.05	0.3578	
522.62	0.3518	
524.15	0.3518	
525.62	0.3398	
527.04	0.3578	
528.41	0.3518	
529.72	0.3398	
530.99	0.3578	
532.20	0.3578	
533.36	0.3458	
534.46	0.3578	
535.52	0.3518	
536.52	0.3638	
537.47	0.3638	
538.37	0.3698	
539.22	0.3638	
540.02	0.3638	
540.76	0.3638	
541.45	0.3638	
542.09	0.3698	
542.68	0.3638	
543.22	0.3638	
543.71	0.3518	
544.15	0.3638	
544.53	0.3578	
544.86	0.3578	
545.14	0.3638	
545.37	0.3578	
545.55	0.3638	
545.68	0.3578	
545.76	0.3398	
545.78	0.3638	
545.76	0.3578	
545.68	0.3518	
545.55	0.3398	
545.37	0.3398	
545.14	0.3458	
544.86	0.3518	
544.53	0.3518	
544.15	0.3518	
543.71	0.3518	
543.22	0.3518	
542.68	0.3578	
542.09	0.3638	
541.45	0.3638	
540.76	0.3578	
540.02	0.3638	
539.22	0.3638	
538.37	0.3758	
537.47	0.3818	
536.52	0.3758	
535.52	0.3878	
534.46	0.3818	
533.36	0.3818	
532.20	0.3878	
530.99	0.3938	
529.72	0.3878	
528.41	0.3938	
527.04	0.3938	
525.62	0.3938	
524.15	0.3998	
522.62	0.4058	
521.05	0.3998	
519.42	0.3938	
517.73	0.3878	
516.00	0.3938	
514.21	0.3938	
512.37	0.3938	
510.48	0.4118	
508.53	0.3938	
506.53	0.3938	
504.48	0.3938	
502.38	0.3938	
500.22	0.3938	
498.01	0.3998	
495.75	0.4058	
493.44	0.3938	
491.07	0.3998	
488.65	0.3998	
486.18	0.4178	
483.65	0.3998	
481.08	0.4058	
478.45	0.4118	
475.77	0.4178	
473.04	0.4238	
470.25	0.4238	
467.42	0.4238	
464.53	0.4358	
461.60	0.4418	
458.61	0.4238	
455.57	0.4478	
452.49	0.4478	
449.35	0.4538	
446.16	0.4658	
442.93	0.4538	
439.64	0.4478	
436.31	0.4598	
432.94	0.4718	
429.51	0.4718	
426.04	0.4778	
422.52	0.4718	
418.96	0.4898	
415.35	0.4958	
411.70	0.5078	
408.00	0.4958	
404.26	0.5198	
400.48	0.5078	
396.66	0.5318	
392.80	0.5318	
388.90	0.5378	
384.96	0.5438	
380.98	0.5558	
376.97	0.5558	
372.92	0.5558	
368.83	0.5558	
364.71	0.5558	
360.56	0.5738	
356.38	0.5798	
352.17	0.5858	
347.93	0.5858	
343.66	0.5918	
339.36	0.6038	
335.04	0.5918	
330.69	0.6158	
326.32	0.6218	
321.94	0.6218	
317.53	0.6398	
313.10	0.6518	
308.65	0.6578	
304.19	0.6818	
299.72	0.6998	
295.23	0.7178	
290.74	0.7478	
286.23	0.7958	
281.72	0.8138	
277.20	0.8198	
272.68	0.8438	
268.15	0.8618	
263.63	0.8858	
259.10	0.9218	
254.58	0.9398	
250.07	0.9398	
245.56	0.9758	
241.06	0.9878	
236.56	1.0358	
232.09	1.0538	
227.62	1.0778	
223.18	1.1018	
218.75	1.1318	
214.34	1.1618	
209.95	1.1918	
205.58	1.2218	
201.24	1.2578	
196.93	1.2938	
192.65	1.3298	
188.40	1.3598	
184.18	1.4078	
180.00	1.4678	
175.86	1.5038	
171.75	1.5458	
167.69	1.5878	
163.66	1.6538	
159.69	1.6898	
155.76	1.7498	
151.87	1.8038	
148.04	1.8638	
144.26	1.9178	
140.54	1.9838	
136.87	2.0558	
133.25	2.1338	
129.70	2.2058	
126.21	2.2718	
122.78	2.3498	
119.41	2.4338	
116.11	2.5238	
112.87	2.6138	
109.71	2.7098	
106.62	2.7998	
103.59	2.9078	
100.65	3.0158	
97.77	3.1238	
94.98	3.2378	
92.26	3.3518	
89.62	3.4658	
87.06	3.5978	
84.58	3.7178	
82.19	3.8618	
79.87	3.9878	
77.65	4.1198	
75.51	4.2578	
73.46	4.3958	
71.49	4.5338	
69.62	4.6778	
67.84	4.8158	
66.14	4.9478	
64.54	5.0678	
63.04	5.2058	
61.62	5.3198	
60.30	5.4578	
59.08	5.5778	
57.95	5.6858	
56.92	5.8058	
55.98	5.9018	
55.15	6.0098	
54.41	6.1058	
53.76	6.2138	
53.22	6.2918	
52.77	6.3818	
52.43	6.4658	
52.18	6.5618	
52.03	6.6518	
51.98	6.7538	
52.03	6.8618	
52.18	6.9518	
52.43	7.0658	
52.77	7.1918	
53.22	7.3298	
53.76	7.4738	
54.41	7.6478	
55.15	7.8038	
55.98	7.9658	
56.92	8.1338	
57.95	8.3138	
59.08	8.4638	
60.30	8.6198	
61.62	8.7578	
63.04	8.8838	
64.54	9.0038	
66.14	9.1058	
67.84	9.2198	
69.62	9.2858	
71.49	9.3338	
73.46	9.3398	
75.51	9.3158	
77.65	9.2738	
79.87	9.1958	
82.19	9.0938	
84.58	8.9978	
87.06	8.8658	
89.62	8.7218	
92.26	8.5658	
94.98	8.4158	
97.77	8.2418	
100.65	8.0558	
103.59	7.8578	
106.62	7.6778	
109.71	7.4858	
112.87	7.2758	
116.11	7.0838	
119.41	6.8918	
122.78	6.6818	
126.21	6.4898	
129.70	6.2978	
133.25	6.1058	
136.87	5.9438	
140.54	5.7518	
144.26	5.5838	
148.04	5.4098	
151.87	5.2538	
155.76	5.1158	
159.69	4.9538	
163.66	4.8158	
167.69	4.6718	
171.75	4.5278	
175.86	4.4078	
180.00	4.3058	
184.18	4.1738	
188.40	4.0538	
192.65	3.9338	
196.93	3.8318	
201.24	3.7238	
205.58	3.6338	
209.95	3.5438	
214.34	3.4598	
218.75	3.3758	
223.18	3.2798	
227.62	3.2138	
232.09	3.1418	
236.56	3.0578	
241.06	2.9858	
245.56	2.9198	
250.07	2.8478	
254.58	2.7878	
259.10	2.7338	
263.63	2.6798	
268.15	2.6198	
272.68	2.5598	
277.20	2.5118	
281.72	2.4638	
286.23	2.4218	
290.74	2.3678	
295.23	2.3138	
299.72	2.2778	
304.19	2.2298	
308.65	2.1938	
313.10	2.1578	
317.53	2.1278	
321.94	2.0978	
326.32	2.0498	
330.69	2.0198	
335.04	1.9778	
339.36	1.9538	
343.66	1.9238	
347.93	1.8938	
352.17	1.8578	
356.38	1.8278	
360.56	1.8098	
364.71	1.7858	
368.83	1.7618	
372.92	1.7258	
376.97	1.7138	
380.98	1.6778	
384.96	1.6658	
388.90	1.6598	
392.80	1.6298	
396.66	1.5998	
400.48	1.5758	
404.26	1.5578	
408.00	1.5518	
411.70	1.5338	
415.35	1.5158	
418.96	1.4918	
422.52	1.4798	
426.04	1.4558	
429.51	1.4498	
432.94	1.4378	
436.31	1.4198	
439.64	1.4018	
442.93	1.3838	
446.16	1.3658	
449.35	1.3598	
452.49	1.3478	
455.57	1.3298	
458.61	1.3418	
461.60	1.3118	
464.53	1.2998	
467.42	1.2998	
470.25	1.2878	
473.04	1.2818	
475.77	1.2638	
478.45	1.2398	
481.08	1.2338	
483.65	1.2398	
486.18	1.2278	
488.65	1.2278	
491.07	1.2098	
493.44	1.1858	
495.75	1.1798	
498.01	1.1678	
500.22	1.1618	
502.38	1.1438	
504.48	1.1378	
506.53	1.1138	
508.53	1.1138	
510.48	1.1018	
512.37	1.0898	
514.21	1.0838	
516.00	1.0658	
517.73	1.0478	
519.42	1.0418	
521.05	1.0358	
522.62	1.0298	
524.15	1.0298	
525.62	1.0118	
527.04	1.0058	
528.41	1.0058	
529.72	1.0058	
530.99	1.0118	
532.20	1.0118	
533.36	1.0238	
534.46	1.0118	
535.52	1.0178	
536.52	1.0118	
537.47	1.0118	
538.37	1.0298	
539.22	1.0238	
540.02	1.0238	
540.76	1.0118	
541.45	1.0178	
542.09	1.0178	
542.68	1.0298	
543.22	1.0118	
543.71	1.0238	
544.15	1.0178	
544.53	1.0238	
544.86	1.0238	
545.14	1.0298	
545.37	1.0178	
545.55	1.0118	
545.68	1.0178	
545.76	1.0178	
545.78	1.0298	
545.76	1.0298	
545.68	1.0298	
545.55	1.0358	
545.37	1.0298	
545.14	1.0358	
544.86	1.0418	
544.53	1.0358	
544.15	1.0298	
543.71	1.0358	
543.22	1.0358	
542.68	1.0298	
542.09	1.0358	
541.45	1.0418	
540.76	1.0358	
540.02	1.0358	
539.22	1.0358	
538.37	1.0298	
537.47	1.0358	
536.52	1.0358	
535.52	1.0298	
534.46	1.0298	
533.36	1.0358	
532.20	1.0358	
530.99	1.0298	
529.72	1.0418	
528.41	1.0418	
527.04	1.0418	
525.62	1.0358	
524.15	1.0358	
522.62	1.0478	
521.05	1.0418	
519.42	1.0418	
517.73	1.0298	
516.00	1.0418	
514.21	1.0298	
512.37	1.0418	
510.48	1.0538	
508.53	1.0418	
506.53	1.0358	
504.48	1.0418	
502.38	1.0358	
500.22	1.0358	
498.01	1.0418	
495.75	1.0358	
493.44	1.0298	
491.07	1.0358	
488.65	1.0418	
486.18	1.0538	
483.65	1.0598	
481.08	1.0418	
478.45	1.0538	
475.77	1.0538	
473.04	1.0478	
470.25	1.0538	
467.42	1.0538	
464.53	1.0598	
461.60	1.0658	
458.61	1.0598	
455.57	1.0538	
452.49	1.0718	
449.35	1.0658	
446.16	1.0598	
442.93	1.0718	
439.64	1.0598	
436.31	1.0598	
432.94	1.0598	
429.51	1.0718	
426.04	1.0718	
422.52	1.0718	
418.96	1.0658	
415.35	1.0658	
411.70	1.0778	
408.00	1.0718	
404.26	1.0778	
400.48	1.0718	
396.66	1.0718	
392.80	1.0658	
388.90	1.0778	
384.96	1.0838	
380.98	1.0778	
376.97	1.0838	
372.92	1.0718	
368.83	1.0778	
364.71	1.0598	
360.56	1.0778	
356.38	1.0658	
352.17	1.0598	
347.93	1.0778	
343.66	1.0778	
339.36	1.0718	
335.04	1.0718	
330.69	1.0778	
326.32	1.0778	
321.94	1.0778	
317.53	1.0658	
313.10	1.0658	
308.65	1.0658	
304.19	1.0658	
299.72	1.0778	
295.23	1.0718	
290.74	1.0538	
286.23	1.0538	
281.72	1.0538	
277.20	1.0598	
272.68	1.0598	
268.15	1.0538	
263.63	1.0538	
259.10	1.0598	
254.58	1.0598	
250.07	1.0538	
245.56	1.0538	
241.06	1.0538	
236.56	1.0598	
232.09	1.0538	
227.62	1.0718	
223.18	1.0418	
218.75	1.0538	
214.34	1.0538	
209.95	1.0538	
205.58	1.0598	
201.24	1.0658	
196.93	1.0478	
192.65	1.0478	
188.40	1.0478	
184.18	1.0538	
180.00	1.0658	
175.86	1.0418	
171.75	1.0418	
167.69	1.0538	
163.66	1.0538	
159.69	1.0538	
155.76	1.0538	
151.87	1.0598	
148.04	1.0418	
144.26	1.0358	
140.54	1.0538	
136.87	1.0358	
133.25	1.0418	
129.70	1.0478	
126.21	1.0358	
122.78	1.0478	
119.41	1.0358	
116.11	1.0538	
112.87	1.0478	
109.71	1.0538	
106.62	1.0478	
103.59	1.0478	
100.65	1.0418	
97.77	1.0478	
94.98	1.0418	
92.26	1.0358	
89.62	1.0358	
87.06	1.0298	
84.58	1.0298	
82.19	1.0238	
79.87	1.0238	
77.65	1.0178	
75.51	0.9998	
73.46	1.0118	
71.49	0.9998	
69.62	0.9998	
67.84	1.0178	
66.14	1.0058	
64.54	1.0178	
63.04	1.0118	
61.62	1.0058	
60.30	1.0118	
59.08	1.0178	
57.95	1.0298	
56.92	1.0118	
55.98	1.0118	
55.15	0.9998	
54.41	1.0118	
53.76	1.0058	
53.22	1.0058	
52.77	0.9818	
52.43	0.9698	
52.18	0.9518	
52.03	0.9158	
